(kicad_pcb (version 20171130) (host pcbnew "(6.0.0-rc1-dev-577-ge0316af69)")

  (general
    (thickness 1.6)
    (drawings 0)
    (tracks 1613)
    (zones 0)
    (modules 218)
    (nets 212)
  )

  (page A4)
  (layers
    (0 F.Cu signal)
    (31 B.Cu signal)
    (32 B.Adhes user)
    (33 F.Adhes user)
    (34 B.Paste user)
    (35 F.Paste user)
    (36 B.SilkS user)
    (37 F.SilkS user)
    (38 B.Mask user)
    (39 F.Mask user)
    (40 Dwgs.User user)
    (41 Cmts.User user)
    (42 Eco1.User user)
    (43 Eco2.User user)
    (44 Edge.Cuts user)
    (45 Margin user)
    (46 B.CrtYd user)
    (47 F.CrtYd user)
    (48 B.Fab user)
    (49 F.Fab user)
  )

  (setup
    (last_trace_width 0.2)
    (user_trace_width 0.2)
    (user_trace_width 0.5)
    (user_trace_width 1)
    (user_trace_width 1.5)
    (trace_clearance 0.2)
    (zone_clearance 0.508)
    (zone_45_only no)
    (trace_min 0.2)
    (via_size 0.8)
    (via_drill 0.4)
    (via_min_size 0.4)
    (via_min_drill 0.3)
    (user_via 1.2 0.6)
    (user_via 3.8 3.1)
    (uvia_size 0.3)
    (uvia_drill 0.1)
    (uvias_allowed no)
    (uvia_min_size 0.2)
    (uvia_min_drill 0.1)
    (edge_width 0.15)
    (segment_width 0.2)
    (pcb_text_width 0.3)
    (pcb_text_size 1.5 1.5)
    (mod_edge_width 0.15)
    (mod_text_size 1 1)
    (mod_text_width 0.15)
    (pad_size 4.064 4.064)
    (pad_drill 3.048)
    (pad_to_mask_clearance 0.2)
    (solder_mask_min_width 0.25)
    (aux_axis_origin 0 0)
    (visible_elements FFFFFF7F)
    (pcbplotparams
      (layerselection 0x010fc_ffffffff)
      (usegerberextensions false)
      (usegerberattributes false)
      (usegerberadvancedattributes false)
      (creategerberjobfile false)
      (excludeedgelayer true)
      (linewidth 0.100000)
      (plotframeref false)
      (viasonmask false)
      (mode 1)
      (useauxorigin false)
      (hpglpennumber 1)
      (hpglpenspeed 20)
      (hpglpendiameter 15.000000)
      (psnegative false)
      (psa4output false)
      (plotreference true)
      (plotvalue true)
      (plotinvisibletext false)
      (padsonsilk false)
      (subtractmaskfromsilk false)
      (outputformat 1)
      (mirror false)
      (drillshape 0)
      (scaleselection 1)
      (outputdirectory "/home/admin/test_gerber/test_3/"))
  )

  (net 0 "")
  (net 1 "Net-(C1-Pad1)")
  (net 2 GND)
  (net 3 "Net-(C2-Pad1)")
  (net 4 VDD)
  (net 5 "Net-(C4-Pad2)")
  (net 6 "Net-(C5-Pad2)")
  (net 7 "Net-(C6-Pad2)")
  (net 8 "Net-(C7-Pad2)")
  (net 9 "Net-(C8-Pad1)")
  (net 10 "Net-(C9-Pad1)")
  (net 11 "Net-(D1-Pad1)")
  (net 12 "Net-(D1-Pad2)")
  (net 13 "Net-(D2-Pad2)")
  (net 14 "Net-(D2-Pad1)")
  (net 15 "Net-(D3-Pad1)")
  (net 16 "Net-(D3-Pad2)")
  (net 17 "Net-(D4-Pad1)")
  (net 18 "Net-(D4-Pad2)")
  (net 19 "Net-(D5-Pad2)")
  (net 20 "Net-(D5-Pad1)")
  (net 21 "Net-(D6-Pad2)")
  (net 22 "Net-(D6-Pad1)")
  (net 23 "Net-(D7-Pad1)")
  (net 24 "Net-(D7-Pad2)")
  (net 25 "Net-(D8-Pad2)")
  (net 26 "Net-(D8-Pad1)")
  (net 27 "Net-(D9-Pad1)")
  (net 28 "Net-(D9-Pad2)")
  (net 29 "Net-(D10-Pad2)")
  (net 30 "Net-(D10-Pad1)")
  (net 31 "Net-(D11-Pad2)")
  (net 32 "Net-(D11-Pad1)")
  (net 33 "Net-(D12-Pad1)")
  (net 34 "Net-(D12-Pad2)")
  (net 35 "Net-(J1-Pad3)")
  (net 36 "Net-(J1-Pad4)")
  (net 37 "Net-(J4-Pad1)")
  (net 38 "Net-(J5-Pad1)")
  (net 39 ISOMOD)
  (net 40 SWTEN)
  (net 41 "Net-(J8-Pad2)")
  (net 42 "Net-(J8-Pad3)")
  (net 43 "Net-(J8-Pad4)")
  (net 44 "Net-(J8-Pad5)")
  (net 45 "Net-(J8-Pad6)")
  (net 46 "Net-(J8-Pad7)")
  (net 47 "Net-(J8-Pad8)")
  (net 48 "Net-(J8-Pad9)")
  (net 49 "Net-(J8-Pad10)")
  (net 50 "Net-(J8-Pad11)")
  (net 51 "Net-(J8-Pad12)")
  (net 52 "Net-(Q1-Pad1)")
  (net 53 "Net-(Q2-Pad1)")
  (net 54 "Net-(Q3-Pad1)")
  (net 55 "Net-(Q4-Pad1)")
  (net 56 "Net-(Q5-Pad1)")
  (net 57 "Net-(Q6-Pad1)")
  (net 58 "Net-(Q7-Pad1)")
  (net 59 "Net-(Q8-Pad1)")
  (net 60 "Net-(Q9-Pad1)")
  (net 61 "Net-(Q10-Pad1)")
  (net 62 "Net-(Q11-Pad1)")
  (net 63 "Net-(Q12-Pad1)")
  (net 64 "Net-(Q13-Pad1)")
  (net 65 "Net-(R2-Pad1)")
  (net 66 "Net-(R6-Pad1)")
  (net 67 "Net-(R10-Pad1)")
  (net 68 "Net-(R14-Pad1)")
  (net 69 "Net-(R18-Pad1)")
  (net 70 "Net-(R22-Pad1)")
  (net 71 "Net-(R26-Pad1)")
  (net 72 "Net-(R30-Pad1)")
  (net 73 "Net-(R34-Pad1)")
  (net 74 "Net-(R38-Pad1)")
  (net 75 "Net-(R42-Pad1)")
  (net 76 "Net-(R46-Pad1)")
  (net 77 "Net-(R51-Pad2)")
  (net 78 "Net-(R51-Pad1)")
  (net 79 "Net-(U1-Pad27)")
  (net 80 "Net-(U1-Pad28)")
  (net 81 "Net-(U1-Pad29)")
  (net 82 "Net-(U1-Pad32)")
  (net 83 "Net-(U1-Pad33)")
  (net 84 "Net-(U1-Pad39)")
  (net 85 MOUNT1)
  (net 86 MOUNT2)
  (net 87 "Net-(C10-Pad1)")
  (net 88 "Net-(C10-Pad2)")
  (net 89 "Net-(C11-Pad2)")
  (net 90 "Net-(C12-Pad2)")
  (net 91 "Net-(C13-Pad2)")
  (net 92 "Net-(C14-Pad2)")
  (net 93 "Net-(C15-Pad2)")
  (net 94 "Net-(C16-Pad2)")
  (net 95 "Net-(C17-Pad2)")
  (net 96 "Net-(C18-Pad2)")
  (net 97 "Net-(C19-Pad2)")
  (net 98 "Net-(C20-Pad2)")
  (net 99 "Net-(C21-Pad1)")
  (net 100 "Net-(C21-Pad2)")
  (net 101 "Net-(C22-Pad2)")
  (net 102 "Net-(C23-Pad2)")
  (net 103 "Net-(C24-Pad2)")
  (net 104 "Net-(C25-Pad2)")
  (net 105 "Net-(C26-Pad2)")
  (net 106 "Net-(C27-Pad2)")
  (net 107 "Net-(C28-Pad2)")
  (net 108 "Net-(C29-Pad2)")
  (net 109 "Net-(C30-Pad2)")
  (net 110 "Net-(C31-Pad2)")
  (net 111 GNDA)
  (net 112 "Net-(C32-Pad2)")
  (net 113 "Net-(C33-Pad2)")
  (net 114 "Net-(C34-Pad1)")
  (net 115 "Net-(C35-Pad1)")
  (net 116 ISOMOD2)
  (net 117 "Net-(C37-Pad2)")
  (net 118 "Net-(C38-Pad1)")
  (net 119 "Net-(C39-Pad1)")
  (net 120 "Net-(C40-Pad2)")
  (net 121 "Net-(D13-Pad2)")
  (net 122 "Net-(D13-Pad1)")
  (net 123 "Net-(D14-Pad2)")
  (net 124 "Net-(D14-Pad1)")
  (net 125 "Net-(D15-Pad2)")
  (net 126 "Net-(D15-Pad1)")
  (net 127 "Net-(D16-Pad2)")
  (net 128 "Net-(D16-Pad1)")
  (net 129 "Net-(D17-Pad2)")
  (net 130 "Net-(D17-Pad1)")
  (net 131 "Net-(D18-Pad2)")
  (net 132 "Net-(D18-Pad1)")
  (net 133 "Net-(D19-Pad1)")
  (net 134 "Net-(D19-Pad2)")
  (net 135 "Net-(D20-Pad1)")
  (net 136 "Net-(D20-Pad2)")
  (net 137 "Net-(D21-Pad2)")
  (net 138 "Net-(D21-Pad1)")
  (net 139 "Net-(D22-Pad2)")
  (net 140 "Net-(D22-Pad1)")
  (net 141 "Net-(D23-Pad1)")
  (net 142 "Net-(D23-Pad2)")
  (net 143 "Net-(D24-Pad1)")
  (net 144 "Net-(D24-Pad2)")
  (net 145 IA2_P)
  (net 146 IA2_N)
  (net 147 OA_N)
  (net 148 OA_P)
  (net 149 "Net-(J3-Pad2)")
  (net 150 "Net-(J3-Pad3)")
  (net 151 "Net-(J3-Pad4)")
  (net 152 "Net-(J3-Pad5)")
  (net 153 "Net-(J3-Pad6)")
  (net 154 "Net-(J3-Pad7)")
  (net 155 "Net-(J3-Pad8)")
  (net 156 "Net-(J3-Pad9)")
  (net 157 "Net-(J3-Pad10)")
  (net 158 "Net-(J3-Pad11)")
  (net 159 "Net-(J3-Pad12)")
  (net 160 SWTEN2)
  (net 161 "Net-(Q14-Pad1)")
  (net 162 "Net-(Q15-Pad1)")
  (net 163 "Net-(Q16-Pad1)")
  (net 164 "Net-(Q17-Pad1)")
  (net 165 "Net-(Q18-Pad1)")
  (net 166 "Net-(Q19-Pad1)")
  (net 167 "Net-(Q20-Pad1)")
  (net 168 "Net-(Q21-Pad1)")
  (net 169 "Net-(Q22-Pad1)")
  (net 170 "Net-(Q23-Pad1)")
  (net 171 "Net-(Q24-Pad1)")
  (net 172 "Net-(Q25-Pad1)")
  (net 173 "Net-(Q26-Pad1)")
  (net 174 IB2_N)
  (net 175 IB2_P)
  (net 176 "Net-(R81-Pad1)")
  (net 177 "Net-(R82-Pad1)")
  (net 178 "Net-(R83-Pad1)")
  (net 179 "Net-(R84-Pad1)")
  (net 180 "Net-(R85-Pad1)")
  (net 181 "Net-(R86-Pad1)")
  (net 182 "Net-(R87-Pad1)")
  (net 183 "Net-(R88-Pad1)")
  (net 184 "Net-(R89-Pad1)")
  (net 185 "Net-(R90-Pad1)")
  (net 186 "Net-(R91-Pad1)")
  (net 187 "Net-(R92-Pad1)")
  (net 188 "Net-(R107-Pad1)")
  (net 189 "Net-(R107-Pad2)")
  (net 190 "Net-(U2-Pad39)")
  (net 191 "Net-(U2-Pad43)")
  (net 192 "Net-(U2-Pad44)")
  (net 193 "Net-(U2-Pad33)")
  (net 194 "Net-(U2-Pad32)")
  (net 195 "Net-(U2-Pad29)")
  (net 196 "Net-(U2-Pad28)")
  (net 197 "Net-(U2-Pad27)")
  (net 198 "Net-(J3-Pad1)")
  (net 199 "Net-(J8-Pad1)")
  (net 200 IA_P)
  (net 201 IA_N)
  (net 202 /OB0_N)
  (net 203 /OB0_P)
  (net 204 /IA1_N)
  (net 205 /IA1_P)
  (net 206 /OA2_P)
  (net 207 /OA2_N)
  (net 208 IB_N)
  (net 209 IB_P)
  (net 210 MOUNT3)
  (net 211 MOUNT4)

  (net_class Default "This is the default net class."
    (clearance 0.2)
    (trace_width 0.25)
    (via_dia 0.8)
    (via_drill 0.4)
    (uvia_dia 0.3)
    (uvia_drill 0.1)
    (diff_pair_width 0.2)
    (diff_pair_gap 0.2)
    (add_net /IA1_N)
    (add_net /IA1_P)
    (add_net /OA2_N)
    (add_net /OA2_P)
    (add_net /OB0_N)
    (add_net /OB0_P)
    (add_net GND)
    (add_net GNDA)
    (add_net IA2_N)
    (add_net IA2_P)
    (add_net IA_N)
    (add_net IA_P)
    (add_net IB2_N)
    (add_net IB2_P)
    (add_net IB_N)
    (add_net IB_P)
    (add_net ISOMOD)
    (add_net ISOMOD2)
    (add_net MOUNT1)
    (add_net MOUNT2)
    (add_net MOUNT3)
    (add_net MOUNT4)
    (add_net "Net-(C1-Pad1)")
    (add_net "Net-(C10-Pad1)")
    (add_net "Net-(C10-Pad2)")
    (add_net "Net-(C11-Pad2)")
    (add_net "Net-(C12-Pad2)")
    (add_net "Net-(C13-Pad2)")
    (add_net "Net-(C14-Pad2)")
    (add_net "Net-(C15-Pad2)")
    (add_net "Net-(C16-Pad2)")
    (add_net "Net-(C17-Pad2)")
    (add_net "Net-(C18-Pad2)")
    (add_net "Net-(C19-Pad2)")
    (add_net "Net-(C2-Pad1)")
    (add_net "Net-(C20-Pad2)")
    (add_net "Net-(C21-Pad1)")
    (add_net "Net-(C21-Pad2)")
    (add_net "Net-(C22-Pad2)")
    (add_net "Net-(C23-Pad2)")
    (add_net "Net-(C24-Pad2)")
    (add_net "Net-(C25-Pad2)")
    (add_net "Net-(C26-Pad2)")
    (add_net "Net-(C27-Pad2)")
    (add_net "Net-(C28-Pad2)")
    (add_net "Net-(C29-Pad2)")
    (add_net "Net-(C30-Pad2)")
    (add_net "Net-(C31-Pad2)")
    (add_net "Net-(C32-Pad2)")
    (add_net "Net-(C33-Pad2)")
    (add_net "Net-(C34-Pad1)")
    (add_net "Net-(C35-Pad1)")
    (add_net "Net-(C37-Pad2)")
    (add_net "Net-(C38-Pad1)")
    (add_net "Net-(C39-Pad1)")
    (add_net "Net-(C4-Pad2)")
    (add_net "Net-(C40-Pad2)")
    (add_net "Net-(C5-Pad2)")
    (add_net "Net-(C6-Pad2)")
    (add_net "Net-(C7-Pad2)")
    (add_net "Net-(C8-Pad1)")
    (add_net "Net-(C9-Pad1)")
    (add_net "Net-(D1-Pad1)")
    (add_net "Net-(D1-Pad2)")
    (add_net "Net-(D10-Pad1)")
    (add_net "Net-(D10-Pad2)")
    (add_net "Net-(D11-Pad1)")
    (add_net "Net-(D11-Pad2)")
    (add_net "Net-(D12-Pad1)")
    (add_net "Net-(D12-Pad2)")
    (add_net "Net-(D13-Pad1)")
    (add_net "Net-(D13-Pad2)")
    (add_net "Net-(D14-Pad1)")
    (add_net "Net-(D14-Pad2)")
    (add_net "Net-(D15-Pad1)")
    (add_net "Net-(D15-Pad2)")
    (add_net "Net-(D16-Pad1)")
    (add_net "Net-(D16-Pad2)")
    (add_net "Net-(D17-Pad1)")
    (add_net "Net-(D17-Pad2)")
    (add_net "Net-(D18-Pad1)")
    (add_net "Net-(D18-Pad2)")
    (add_net "Net-(D19-Pad1)")
    (add_net "Net-(D19-Pad2)")
    (add_net "Net-(D2-Pad1)")
    (add_net "Net-(D2-Pad2)")
    (add_net "Net-(D20-Pad1)")
    (add_net "Net-(D20-Pad2)")
    (add_net "Net-(D21-Pad1)")
    (add_net "Net-(D21-Pad2)")
    (add_net "Net-(D22-Pad1)")
    (add_net "Net-(D22-Pad2)")
    (add_net "Net-(D23-Pad1)")
    (add_net "Net-(D23-Pad2)")
    (add_net "Net-(D24-Pad1)")
    (add_net "Net-(D24-Pad2)")
    (add_net "Net-(D3-Pad1)")
    (add_net "Net-(D3-Pad2)")
    (add_net "Net-(D4-Pad1)")
    (add_net "Net-(D4-Pad2)")
    (add_net "Net-(D5-Pad1)")
    (add_net "Net-(D5-Pad2)")
    (add_net "Net-(D6-Pad1)")
    (add_net "Net-(D6-Pad2)")
    (add_net "Net-(D7-Pad1)")
    (add_net "Net-(D7-Pad2)")
    (add_net "Net-(D8-Pad1)")
    (add_net "Net-(D8-Pad2)")
    (add_net "Net-(D9-Pad1)")
    (add_net "Net-(D9-Pad2)")
    (add_net "Net-(J1-Pad3)")
    (add_net "Net-(J1-Pad4)")
    (add_net "Net-(J3-Pad1)")
    (add_net "Net-(J3-Pad10)")
    (add_net "Net-(J3-Pad11)")
    (add_net "Net-(J3-Pad12)")
    (add_net "Net-(J3-Pad2)")
    (add_net "Net-(J3-Pad3)")
    (add_net "Net-(J3-Pad4)")
    (add_net "Net-(J3-Pad5)")
    (add_net "Net-(J3-Pad6)")
    (add_net "Net-(J3-Pad7)")
    (add_net "Net-(J3-Pad8)")
    (add_net "Net-(J3-Pad9)")
    (add_net "Net-(J4-Pad1)")
    (add_net "Net-(J5-Pad1)")
    (add_net "Net-(J8-Pad1)")
    (add_net "Net-(J8-Pad10)")
    (add_net "Net-(J8-Pad11)")
    (add_net "Net-(J8-Pad12)")
    (add_net "Net-(J8-Pad2)")
    (add_net "Net-(J8-Pad3)")
    (add_net "Net-(J8-Pad4)")
    (add_net "Net-(J8-Pad5)")
    (add_net "Net-(J8-Pad6)")
    (add_net "Net-(J8-Pad7)")
    (add_net "Net-(J8-Pad8)")
    (add_net "Net-(J8-Pad9)")
    (add_net "Net-(Q1-Pad1)")
    (add_net "Net-(Q10-Pad1)")
    (add_net "Net-(Q11-Pad1)")
    (add_net "Net-(Q12-Pad1)")
    (add_net "Net-(Q13-Pad1)")
    (add_net "Net-(Q14-Pad1)")
    (add_net "Net-(Q15-Pad1)")
    (add_net "Net-(Q16-Pad1)")
    (add_net "Net-(Q17-Pad1)")
    (add_net "Net-(Q18-Pad1)")
    (add_net "Net-(Q19-Pad1)")
    (add_net "Net-(Q2-Pad1)")
    (add_net "Net-(Q20-Pad1)")
    (add_net "Net-(Q21-Pad1)")
    (add_net "Net-(Q22-Pad1)")
    (add_net "Net-(Q23-Pad1)")
    (add_net "Net-(Q24-Pad1)")
    (add_net "Net-(Q25-Pad1)")
    (add_net "Net-(Q26-Pad1)")
    (add_net "Net-(Q3-Pad1)")
    (add_net "Net-(Q4-Pad1)")
    (add_net "Net-(Q5-Pad1)")
    (add_net "Net-(Q6-Pad1)")
    (add_net "Net-(Q7-Pad1)")
    (add_net "Net-(Q8-Pad1)")
    (add_net "Net-(Q9-Pad1)")
    (add_net "Net-(R10-Pad1)")
    (add_net "Net-(R107-Pad1)")
    (add_net "Net-(R107-Pad2)")
    (add_net "Net-(R14-Pad1)")
    (add_net "Net-(R18-Pad1)")
    (add_net "Net-(R2-Pad1)")
    (add_net "Net-(R22-Pad1)")
    (add_net "Net-(R26-Pad1)")
    (add_net "Net-(R30-Pad1)")
    (add_net "Net-(R34-Pad1)")
    (add_net "Net-(R38-Pad1)")
    (add_net "Net-(R42-Pad1)")
    (add_net "Net-(R46-Pad1)")
    (add_net "Net-(R51-Pad1)")
    (add_net "Net-(R51-Pad2)")
    (add_net "Net-(R6-Pad1)")
    (add_net "Net-(R81-Pad1)")
    (add_net "Net-(R82-Pad1)")
    (add_net "Net-(R83-Pad1)")
    (add_net "Net-(R84-Pad1)")
    (add_net "Net-(R85-Pad1)")
    (add_net "Net-(R86-Pad1)")
    (add_net "Net-(R87-Pad1)")
    (add_net "Net-(R88-Pad1)")
    (add_net "Net-(R89-Pad1)")
    (add_net "Net-(R90-Pad1)")
    (add_net "Net-(R91-Pad1)")
    (add_net "Net-(R92-Pad1)")
    (add_net "Net-(U1-Pad27)")
    (add_net "Net-(U1-Pad28)")
    (add_net "Net-(U1-Pad29)")
    (add_net "Net-(U1-Pad32)")
    (add_net "Net-(U1-Pad33)")
    (add_net "Net-(U1-Pad39)")
    (add_net "Net-(U2-Pad27)")
    (add_net "Net-(U2-Pad28)")
    (add_net "Net-(U2-Pad29)")
    (add_net "Net-(U2-Pad32)")
    (add_net "Net-(U2-Pad33)")
    (add_net "Net-(U2-Pad39)")
    (add_net "Net-(U2-Pad43)")
    (add_net "Net-(U2-Pad44)")
    (add_net OA_N)
    (add_net OA_P)
    (add_net SWTEN)
    (add_net SWTEN2)
    (add_net VDD)
  )

  (module Resistor_SMD:R_0805_2012Metric_Pad1.15x1.40mm_HandSolder (layer F.Cu) (tedit 5B36C52B) (tstamp 5BCE3D2C)
    (at 106.4 78.6 90)
    (descr "Resistor SMD 0805 (2012 Metric), square (rectangular) end terminal, IPC_7351 nominal with elongated pad for handsoldering. (Body size source: https://docs.google.com/spreadsheets/d/1BsfQQcO9C6DZCsRaXUlFlo91Tg2WpOkGARC1WS5S8t0/edit?usp=sharing), generated with kicad-footprint-generator")
    (tags "resistor handsolder")
    (path /5BCF7088)
    (attr smd)
    (fp_text reference R107 (at 0 -1.65 270) (layer F.SilkS)
      (effects (font (size 1 1) (thickness 0.15)))
    )
    (fp_text value 1k (at 0 1.65 90) (layer F.Fab)
      (effects (font (size 1 1) (thickness 0.15)))
    )
    (fp_line (start -1 0.6) (end -1 -0.6) (layer F.Fab) (width 0.1))
    (fp_line (start -1 -0.6) (end 1 -0.6) (layer F.Fab) (width 0.1))
    (fp_line (start 1 -0.6) (end 1 0.6) (layer F.Fab) (width 0.1))
    (fp_line (start 1 0.6) (end -1 0.6) (layer F.Fab) (width 0.1))
    (fp_line (start -0.261252 -0.71) (end 0.261252 -0.71) (layer F.SilkS) (width 0.12))
    (fp_line (start -0.261252 0.71) (end 0.261252 0.71) (layer F.SilkS) (width 0.12))
    (fp_line (start -1.85 0.95) (end -1.85 -0.95) (layer F.CrtYd) (width 0.05))
    (fp_line (start -1.85 -0.95) (end 1.85 -0.95) (layer F.CrtYd) (width 0.05))
    (fp_line (start 1.85 -0.95) (end 1.85 0.95) (layer F.CrtYd) (width 0.05))
    (fp_line (start 1.85 0.95) (end -1.85 0.95) (layer F.CrtYd) (width 0.05))
    (fp_text user %R (at 0 0 180) (layer F.Fab)
      (effects (font (size 0.5 0.5) (thickness 0.08)))
    )
    (pad 1 smd roundrect (at -1.025 0 90) (size 1.15 1.4) (layers F.Cu F.Paste F.Mask) (roundrect_rratio 0.217391)
      (net 188 "Net-(R107-Pad1)"))
    (pad 2 smd roundrect (at 1.025 0 90) (size 1.15 1.4) (layers F.Cu F.Paste F.Mask) (roundrect_rratio 0.217391)
      (net 189 "Net-(R107-Pad2)"))
    (model ${KISYS3DMOD}/Resistor_SMD.3dshapes/R_0805_2012Metric.wrl
      (at (xyz 0 0 0))
      (scale (xyz 1 1 1))
      (rotate (xyz 0 0 0))
    )
  )

  (module Resistor_SMD:R_0805_2012Metric_Pad1.15x1.40mm_HandSolder (layer F.Cu) (tedit 5B36C52B) (tstamp 5BD46C18)
    (at 108.6 78.625 270)
    (descr "Resistor SMD 0805 (2012 Metric), square (rectangular) end terminal, IPC_7351 nominal with elongated pad for handsoldering. (Body size source: https://docs.google.com/spreadsheets/d/1BsfQQcO9C6DZCsRaXUlFlo91Tg2WpOkGARC1WS5S8t0/edit?usp=sharing), generated with kicad-footprint-generator")
    (tags "resistor handsolder")
    (path /5BCF708E)
    (attr smd)
    (fp_text reference R108 (at 0 -1.65 270) (layer F.SilkS)
      (effects (font (size 1 1) (thickness 0.15)))
    )
    (fp_text value 1k (at 0 1.65 270) (layer F.Fab)
      (effects (font (size 1 1) (thickness 0.15)))
    )
    (fp_text user %R (at 0 0 270) (layer F.Fab)
      (effects (font (size 0.5 0.5) (thickness 0.08)))
    )
    (fp_line (start 1.85 0.95) (end -1.85 0.95) (layer F.CrtYd) (width 0.05))
    (fp_line (start 1.85 -0.95) (end 1.85 0.95) (layer F.CrtYd) (width 0.05))
    (fp_line (start -1.85 -0.95) (end 1.85 -0.95) (layer F.CrtYd) (width 0.05))
    (fp_line (start -1.85 0.95) (end -1.85 -0.95) (layer F.CrtYd) (width 0.05))
    (fp_line (start -0.261252 0.71) (end 0.261252 0.71) (layer F.SilkS) (width 0.12))
    (fp_line (start -0.261252 -0.71) (end 0.261252 -0.71) (layer F.SilkS) (width 0.12))
    (fp_line (start 1 0.6) (end -1 0.6) (layer F.Fab) (width 0.1))
    (fp_line (start 1 -0.6) (end 1 0.6) (layer F.Fab) (width 0.1))
    (fp_line (start -1 -0.6) (end 1 -0.6) (layer F.Fab) (width 0.1))
    (fp_line (start -1 0.6) (end -1 -0.6) (layer F.Fab) (width 0.1))
    (pad 2 smd roundrect (at 1.025 0 270) (size 1.15 1.4) (layers F.Cu F.Paste F.Mask) (roundrect_rratio 0.217391)
      (net 188 "Net-(R107-Pad1)"))
    (pad 1 smd roundrect (at -1.025 0 270) (size 1.15 1.4) (layers F.Cu F.Paste F.Mask) (roundrect_rratio 0.217391)
      (net 111 GNDA))
    (model ${KISYS3DMOD}/Resistor_SMD.3dshapes/R_0805_2012Metric.wrl
      (at (xyz 0 0 0))
      (scale (xyz 1 1 1))
      (rotate (xyz 0 0 0))
    )
  )

  (module HX1188NL:HXXXX (layer F.Cu) (tedit 0) (tstamp 5BD1F069)
    (at 120.25 127 270)
    (descr "<b>Pulse Engineering</b><p>H110X, H1121, H1183, H1199, HX1188NL, HX1198, H1302")
    (path /5B669551)
    (attr smd)
    (fp_text reference T1 (at -7.44279 1.5772) (layer F.SilkS)
      (effects (font (size 0.80213 0.80213) (thickness 0.05)))
    )
    (fp_text value HX1188NL (at -0.509454 1.50287 270) (layer F.SilkS)
      (effects (font (size 0.641826 0.641826) (thickness 0.05)))
    )
    (fp_poly (pts (xy -4.70366 -4.8001) (xy -4.1999 -4.8001) (xy -4.1999 -3.71069) (xy -4.70366 -3.71069)) (layer Dwgs.User) (width 0))
    (fp_poly (pts (xy -3.43157 -4.8001) (xy -2.9299 -4.8001) (xy -2.9299 -3.71241) (xy -3.43157 -3.71241)) (layer Dwgs.User) (width 0))
    (fp_poly (pts (xy 2.93842 -4.8001) (xy 3.4201 -4.8001) (xy 3.4201 -3.71076) (xy 2.93842 -3.71076)) (layer Dwgs.User) (width 0))
    (fp_poly (pts (xy 4.21151 -4.8001) (xy 4.6901 -4.8001) (xy 4.6901 -3.71022) (xy 4.21151 -3.71022)) (layer Dwgs.User) (width 0))
    (fp_poly (pts (xy 4.21472 3.7) (xy 4.6901 3.7) (xy 4.6901 4.81704) (xy 4.21472 4.81704)) (layer Dwgs.User) (width 0))
    (fp_poly (pts (xy 2.94016 3.7) (xy 3.4201 3.7) (xy 3.4201 4.81691) (xy 2.94016 4.81691)) (layer Dwgs.User) (width 0))
    (fp_poly (pts (xy 1.66526 3.7) (xy 2.1501 3.7) (xy 2.1501 4.81559) (xy 1.66526 4.81559)) (layer Dwgs.User) (width 0))
    (fp_poly (pts (xy 0.391834 3.7) (xy 0.8801 3.7) (xy 0.8801 4.82392) (xy 0.391834 4.82392)) (layer Dwgs.User) (width 0))
    (fp_poly (pts (xy -2.15611 -4.8001) (xy -1.6599 -4.8001) (xy -1.6599 -3.71035) (xy -2.15611 -3.71035)) (layer Dwgs.User) (width 0))
    (fp_poly (pts (xy -0.883881 -4.8001) (xy -0.3899 -4.8001) (xy -0.3899 -3.71589) (xy -0.883881 -3.71589)) (layer Dwgs.User) (width 0))
    (fp_poly (pts (xy 0.390865 -4.8001) (xy 0.8801 -4.8001) (xy 0.8801 -3.70916) (xy 0.390865 -3.70916)) (layer Dwgs.User) (width 0))
    (fp_poly (pts (xy 1.664 -4.8001) (xy 2.1501 -4.8001) (xy 2.1501 -3.70915) (xy 1.664 -3.70915)) (layer Dwgs.User) (width 0))
    (fp_poly (pts (xy -0.883242 3.7) (xy -0.3899 3.7) (xy -0.3899 4.81724) (xy -0.883242 4.81724)) (layer Dwgs.User) (width 0))
    (fp_poly (pts (xy -2.15657 3.7) (xy -1.6599 3.7) (xy -1.6599 4.81455) (xy -2.15657 4.81455)) (layer Dwgs.User) (width 0))
    (fp_poly (pts (xy -3.43281 3.7) (xy -2.9299 3.7) (xy -2.9299 4.81793) (xy -3.43281 4.81793)) (layer Dwgs.User) (width 0))
    (fp_poly (pts (xy -4.70166 3.7) (xy -4.1999 3.7) (xy -4.1999 4.81193) (xy -4.70166 4.81193)) (layer Dwgs.User) (width 0))
    (fp_circle (center -5.3975 2.54) (end -5.08 2.54) (layer F.SilkS) (width 0.1))
    (fp_line (start 6.665 -3.9) (end 6.665 3.9) (layer Eco1.User) (width 0.1998))
    (fp_line (start -5.1 -3.6) (end 5.1 -3.6) (layer Dwgs.User) (width 0.2032))
    (fp_line (start 5.1 3.6) (end -5.1 3.6) (layer Dwgs.User) (width 0.2032))
    (fp_line (start -6.665 3.9) (end -6.665 -3.9) (layer Eco1.User) (width 0.1998))
    (fp_line (start 6.665 3.9) (end -6.665 3.9) (layer Eco1.User) (width 0.1998))
    (fp_line (start -6.665 -3.9) (end 6.665 -3.9) (layer Eco1.User) (width 0.1998))
    (pad 16 smd rect (at -4.445 -4.1275 270) (size 0.76 2.2) (layers F.Cu F.Paste F.Mask)
      (net 148 OA_P))
    (pad 15 smd rect (at -3.175 -4.1275 270) (size 0.76 2.2) (layers F.Cu F.Paste F.Mask)
      (net 8 "Net-(C7-Pad2)"))
    (pad 8 smd rect (at 4.445 4.1275 270) (size 0.76 2.2) (layers F.Cu F.Paste F.Mask)
      (net 204 /IA1_N))
    (pad 10 smd rect (at 3.175 -4.1275 270) (size 0.76 2.2) (layers F.Cu F.Paste F.Mask)
      (net 9 "Net-(C8-Pad1)"))
    (pad 7 smd rect (at 3.175 4.1275 270) (size 0.76 2.2) (layers F.Cu F.Paste F.Mask)
      (net 10 "Net-(C9-Pad1)"))
    (pad 5 smd rect (at 0.635 4.1275 270) (size 0.76 2.2) (layers F.Cu F.Paste F.Mask))
    (pad 9 smd rect (at 4.445 -4.1275 270) (size 0.76 2.2) (layers F.Cu F.Paste F.Mask)
      (net 202 /OB0_N))
    (pad 6 smd rect (at 1.905 4.1275 270) (size 0.76 2.2) (layers F.Cu F.Paste F.Mask)
      (net 205 /IA1_P))
    (pad 11 smd rect (at 1.905 -4.1275 270) (size 0.76 2.2) (layers F.Cu F.Paste F.Mask)
      (net 203 /OB0_P))
    (pad 12 smd rect (at 0.635 -4.1275 270) (size 0.76 2.2) (layers F.Cu F.Paste F.Mask))
    (pad 14 smd rect (at -1.905 -4.1275 270) (size 0.76 2.2) (layers F.Cu F.Paste F.Mask)
      (net 147 OA_N))
    (pad 4 smd rect (at -0.635 4.1275 270) (size 0.76 2.2) (layers F.Cu F.Paste F.Mask))
    (pad 3 smd rect (at -1.905 4.1275 270) (size 0.76 2.2) (layers F.Cu F.Paste F.Mask)
      (net 208 IB_N))
    (pad 1 smd rect (at -4.445 4.1275 270) (size 0.76 2.2) (layers F.Cu F.Paste F.Mask)
      (net 209 IB_P))
    (pad 13 smd rect (at -0.635 -4.1275 270) (size 0.76 2.2) (layers F.Cu F.Paste F.Mask))
    (pad 2 smd rect (at -3.175 4.1275 270) (size 0.76 2.2) (layers F.Cu F.Paste F.Mask)
      (net 7 "Net-(C6-Pad2)"))
  )

  (module Resistor_SMD:R_0805_2012Metric_Pad1.15x1.40mm_HandSolder (layer F.Cu) (tedit 5B36C52B) (tstamp 5BCE36BB)
    (at 64.675 140.75 180)
    (descr "Resistor SMD 0805 (2012 Metric), square (rectangular) end terminal, IPC_7351 nominal with elongated pad for handsoldering. (Body size source: https://docs.google.com/spreadsheets/d/1BsfQQcO9C6DZCsRaXUlFlo91Tg2WpOkGARC1WS5S8t0/edit?usp=sharing), generated with kicad-footprint-generator")
    (tags "resistor handsolder")
    (path /5B6150FE)
    (attr smd)
    (fp_text reference R10 (at 0 -1.65 180) (layer F.SilkS)
      (effects (font (size 1 1) (thickness 0.15)))
    )
    (fp_text value 3.3k (at 0 1.65 180) (layer F.Fab)
      (effects (font (size 1 1) (thickness 0.15)))
    )
    (fp_text user %R (at 0 0 180) (layer F.Fab)
      (effects (font (size 0.5 0.5) (thickness 0.08)))
    )
    (fp_line (start 1.85 0.95) (end -1.85 0.95) (layer F.CrtYd) (width 0.05))
    (fp_line (start 1.85 -0.95) (end 1.85 0.95) (layer F.CrtYd) (width 0.05))
    (fp_line (start -1.85 -0.95) (end 1.85 -0.95) (layer F.CrtYd) (width 0.05))
    (fp_line (start -1.85 0.95) (end -1.85 -0.95) (layer F.CrtYd) (width 0.05))
    (fp_line (start -0.261252 0.71) (end 0.261252 0.71) (layer F.SilkS) (width 0.12))
    (fp_line (start -0.261252 -0.71) (end 0.261252 -0.71) (layer F.SilkS) (width 0.12))
    (fp_line (start 1 0.6) (end -1 0.6) (layer F.Fab) (width 0.1))
    (fp_line (start 1 -0.6) (end 1 0.6) (layer F.Fab) (width 0.1))
    (fp_line (start -1 -0.6) (end 1 -0.6) (layer F.Fab) (width 0.1))
    (fp_line (start -1 0.6) (end -1 -0.6) (layer F.Fab) (width 0.1))
    (pad 2 smd roundrect (at 1.025 0 180) (size 1.15 1.4) (layers F.Cu F.Paste F.Mask) (roundrect_rratio 0.217391)
      (net 54 "Net-(Q3-Pad1)"))
    (pad 1 smd roundrect (at -1.025 0 180) (size 1.15 1.4) (layers F.Cu F.Paste F.Mask) (roundrect_rratio 0.217391)
      (net 67 "Net-(R10-Pad1)"))
    (model ${KISYS3DMOD}/Resistor_SMD.3dshapes/R_0805_2012Metric.wrl
      (at (xyz 0 0 0))
      (scale (xyz 1 1 1))
      (rotate (xyz 0 0 0))
    )
  )

  (module Capacitor_SMD:C_0805_2012Metric_Pad1.15x1.40mm_HandSolder (layer F.Cu) (tedit 5B36C52B) (tstamp 5BCE2D82)
    (at 105.5 136.5 270)
    (descr "Capacitor SMD 0805 (2012 Metric), square (rectangular) end terminal, IPC_7351 nominal with elongated pad for handsoldering. (Body size source: https://docs.google.com/spreadsheets/d/1BsfQQcO9C6DZCsRaXUlFlo91Tg2WpOkGARC1WS5S8t0/edit?usp=sharing), generated with kicad-footprint-generator")
    (tags "capacitor handsolder")
    (path /5B7519C7)
    (attr smd)
    (fp_text reference C1 (at 0 -1.65 270) (layer F.SilkS)
      (effects (font (size 1 1) (thickness 0.15)))
    )
    (fp_text value 1uf (at 0 1.65 270) (layer F.Fab)
      (effects (font (size 1 1) (thickness 0.15)))
    )
    (fp_line (start -1 0.6) (end -1 -0.6) (layer F.Fab) (width 0.1))
    (fp_line (start -1 -0.6) (end 1 -0.6) (layer F.Fab) (width 0.1))
    (fp_line (start 1 -0.6) (end 1 0.6) (layer F.Fab) (width 0.1))
    (fp_line (start 1 0.6) (end -1 0.6) (layer F.Fab) (width 0.1))
    (fp_line (start -0.261252 -0.71) (end 0.261252 -0.71) (layer F.SilkS) (width 0.12))
    (fp_line (start -0.261252 0.71) (end 0.261252 0.71) (layer F.SilkS) (width 0.12))
    (fp_line (start -1.85 0.95) (end -1.85 -0.95) (layer F.CrtYd) (width 0.05))
    (fp_line (start -1.85 -0.95) (end 1.85 -0.95) (layer F.CrtYd) (width 0.05))
    (fp_line (start 1.85 -0.95) (end 1.85 0.95) (layer F.CrtYd) (width 0.05))
    (fp_line (start 1.85 0.95) (end -1.85 0.95) (layer F.CrtYd) (width 0.05))
    (fp_text user %R (at 0 0 270) (layer F.Fab)
      (effects (font (size 0.5 0.5) (thickness 0.08)))
    )
    (pad 1 smd roundrect (at -1.025 0 270) (size 1.15 1.4) (layers F.Cu F.Paste F.Mask) (roundrect_rratio 0.217391)
      (net 1 "Net-(C1-Pad1)"))
    (pad 2 smd roundrect (at 1.025 0 270) (size 1.15 1.4) (layers F.Cu F.Paste F.Mask) (roundrect_rratio 0.217391)
      (net 2 GND))
    (model ${KISYS3DMOD}/Capacitor_SMD.3dshapes/C_0805_2012Metric.wrl
      (at (xyz 0 0 0))
      (scale (xyz 1 1 1))
      (rotate (xyz 0 0 0))
    )
  )

  (module Capacitor_SMD:C_0805_2012Metric_Pad1.15x1.40mm_HandSolder (layer F.Cu) (tedit 5B36C52B) (tstamp 5BD4010A)
    (at 108 136.5 270)
    (descr "Capacitor SMD 0805 (2012 Metric), square (rectangular) end terminal, IPC_7351 nominal with elongated pad for handsoldering. (Body size source: https://docs.google.com/spreadsheets/d/1BsfQQcO9C6DZCsRaXUlFlo91Tg2WpOkGARC1WS5S8t0/edit?usp=sharing), generated with kicad-footprint-generator")
    (tags "capacitor handsolder")
    (path /5B751A7F)
    (attr smd)
    (fp_text reference C2 (at 0 -1.65 270) (layer F.SilkS)
      (effects (font (size 1 1) (thickness 0.15)))
    )
    (fp_text value 1uf (at 0 1.65 270) (layer F.Fab)
      (effects (font (size 1 1) (thickness 0.15)))
    )
    (fp_text user %R (at 0 0 270) (layer F.Fab)
      (effects (font (size 0.5 0.5) (thickness 0.08)))
    )
    (fp_line (start 1.85 0.95) (end -1.85 0.95) (layer F.CrtYd) (width 0.05))
    (fp_line (start 1.85 -0.95) (end 1.85 0.95) (layer F.CrtYd) (width 0.05))
    (fp_line (start -1.85 -0.95) (end 1.85 -0.95) (layer F.CrtYd) (width 0.05))
    (fp_line (start -1.85 0.95) (end -1.85 -0.95) (layer F.CrtYd) (width 0.05))
    (fp_line (start -0.261252 0.71) (end 0.261252 0.71) (layer F.SilkS) (width 0.12))
    (fp_line (start -0.261252 -0.71) (end 0.261252 -0.71) (layer F.SilkS) (width 0.12))
    (fp_line (start 1 0.6) (end -1 0.6) (layer F.Fab) (width 0.1))
    (fp_line (start 1 -0.6) (end 1 0.6) (layer F.Fab) (width 0.1))
    (fp_line (start -1 -0.6) (end 1 -0.6) (layer F.Fab) (width 0.1))
    (fp_line (start -1 0.6) (end -1 -0.6) (layer F.Fab) (width 0.1))
    (pad 2 smd roundrect (at 1.025 0 270) (size 1.15 1.4) (layers F.Cu F.Paste F.Mask) (roundrect_rratio 0.217391)
      (net 2 GND))
    (pad 1 smd roundrect (at -1.025 0 270) (size 1.15 1.4) (layers F.Cu F.Paste F.Mask) (roundrect_rratio 0.217391)
      (net 3 "Net-(C2-Pad1)"))
    (model ${KISYS3DMOD}/Capacitor_SMD.3dshapes/C_0805_2012Metric.wrl
      (at (xyz 0 0 0))
      (scale (xyz 1 1 1))
      (rotate (xyz 0 0 0))
    )
  )

  (module Capacitor_SMD:C_0805_2012Metric_Pad1.15x1.40mm_HandSolder (layer F.Cu) (tedit 5B36C52B) (tstamp 5BD400C9)
    (at 110.5 136.5 270)
    (descr "Capacitor SMD 0805 (2012 Metric), square (rectangular) end terminal, IPC_7351 nominal with elongated pad for handsoldering. (Body size source: https://docs.google.com/spreadsheets/d/1BsfQQcO9C6DZCsRaXUlFlo91Tg2WpOkGARC1WS5S8t0/edit?usp=sharing), generated with kicad-footprint-generator")
    (tags "capacitor handsolder")
    (path /5B7809DC)
    (attr smd)
    (fp_text reference C3 (at 0 -1.65 270) (layer F.SilkS)
      (effects (font (size 1 1) (thickness 0.15)))
    )
    (fp_text value 1uf (at 0 1.65 270) (layer F.Fab)
      (effects (font (size 1 1) (thickness 0.15)))
    )
    (fp_line (start -1 0.6) (end -1 -0.6) (layer F.Fab) (width 0.1))
    (fp_line (start -1 -0.6) (end 1 -0.6) (layer F.Fab) (width 0.1))
    (fp_line (start 1 -0.6) (end 1 0.6) (layer F.Fab) (width 0.1))
    (fp_line (start 1 0.6) (end -1 0.6) (layer F.Fab) (width 0.1))
    (fp_line (start -0.261252 -0.71) (end 0.261252 -0.71) (layer F.SilkS) (width 0.12))
    (fp_line (start -0.261252 0.71) (end 0.261252 0.71) (layer F.SilkS) (width 0.12))
    (fp_line (start -1.85 0.95) (end -1.85 -0.95) (layer F.CrtYd) (width 0.05))
    (fp_line (start -1.85 -0.95) (end 1.85 -0.95) (layer F.CrtYd) (width 0.05))
    (fp_line (start 1.85 -0.95) (end 1.85 0.95) (layer F.CrtYd) (width 0.05))
    (fp_line (start 1.85 0.95) (end -1.85 0.95) (layer F.CrtYd) (width 0.05))
    (fp_text user %R (at 0 0 270) (layer F.Fab)
      (effects (font (size 0.5 0.5) (thickness 0.08)))
    )
    (pad 1 smd roundrect (at -1.025 0 270) (size 1.15 1.4) (layers F.Cu F.Paste F.Mask) (roundrect_rratio 0.217391)
      (net 4 VDD))
    (pad 2 smd roundrect (at 1.025 0 270) (size 1.15 1.4) (layers F.Cu F.Paste F.Mask) (roundrect_rratio 0.217391)
      (net 2 GND))
    (model ${KISYS3DMOD}/Capacitor_SMD.3dshapes/C_0805_2012Metric.wrl
      (at (xyz 0 0 0))
      (scale (xyz 1 1 1))
      (rotate (xyz 0 0 0))
    )
  )

  (module Capacitor_SMD:C_0805_2012Metric_Pad1.15x1.40mm_HandSolder (layer F.Cu) (tedit 5B36C52B) (tstamp 5BCE2DB5)
    (at 108 118 270)
    (descr "Capacitor SMD 0805 (2012 Metric), square (rectangular) end terminal, IPC_7351 nominal with elongated pad for handsoldering. (Body size source: https://docs.google.com/spreadsheets/d/1BsfQQcO9C6DZCsRaXUlFlo91Tg2WpOkGARC1WS5S8t0/edit?usp=sharing), generated with kicad-footprint-generator")
    (tags "capacitor handsolder")
    (path /5B7E52B6)
    (attr smd)
    (fp_text reference C4 (at 0 -1.65 270) (layer F.SilkS)
      (effects (font (size 1 1) (thickness 0.15)))
    )
    (fp_text value 0.1uf (at 0 1.65 270) (layer F.Fab)
      (effects (font (size 1 1) (thickness 0.15)))
    )
    (fp_text user %R (at 0 0 270) (layer F.Fab)
      (effects (font (size 0.5 0.5) (thickness 0.08)))
    )
    (fp_line (start 1.85 0.95) (end -1.85 0.95) (layer F.CrtYd) (width 0.05))
    (fp_line (start 1.85 -0.95) (end 1.85 0.95) (layer F.CrtYd) (width 0.05))
    (fp_line (start -1.85 -0.95) (end 1.85 -0.95) (layer F.CrtYd) (width 0.05))
    (fp_line (start -1.85 0.95) (end -1.85 -0.95) (layer F.CrtYd) (width 0.05))
    (fp_line (start -0.261252 0.71) (end 0.261252 0.71) (layer F.SilkS) (width 0.12))
    (fp_line (start -0.261252 -0.71) (end 0.261252 -0.71) (layer F.SilkS) (width 0.12))
    (fp_line (start 1 0.6) (end -1 0.6) (layer F.Fab) (width 0.1))
    (fp_line (start 1 -0.6) (end 1 0.6) (layer F.Fab) (width 0.1))
    (fp_line (start -1 -0.6) (end 1 -0.6) (layer F.Fab) (width 0.1))
    (fp_line (start -1 0.6) (end -1 -0.6) (layer F.Fab) (width 0.1))
    (pad 2 smd roundrect (at 1.025 0 270) (size 1.15 1.4) (layers F.Cu F.Paste F.Mask) (roundrect_rratio 0.217391)
      (net 5 "Net-(C4-Pad2)"))
    (pad 1 smd roundrect (at -1.025 0 270) (size 1.15 1.4) (layers F.Cu F.Paste F.Mask) (roundrect_rratio 0.217391)
      (net 2 GND))
    (model ${KISYS3DMOD}/Capacitor_SMD.3dshapes/C_0805_2012Metric.wrl
      (at (xyz 0 0 0))
      (scale (xyz 1 1 1))
      (rotate (xyz 0 0 0))
    )
  )

  (module Capacitor_SMD:C_0805_2012Metric_Pad1.15x1.40mm_HandSolder locked (layer F.Cu) (tedit 5B36C52B) (tstamp 5BCE2DC6)
    (at 91.75 120.5 180)
    (descr "Capacitor SMD 0805 (2012 Metric), square (rectangular) end terminal, IPC_7351 nominal with elongated pad for handsoldering. (Body size source: https://docs.google.com/spreadsheets/d/1BsfQQcO9C6DZCsRaXUlFlo91Tg2WpOkGARC1WS5S8t0/edit?usp=sharing), generated with kicad-footprint-generator")
    (tags "capacitor handsolder")
    (path /5B7E57E8)
    (attr smd)
    (fp_text reference C5 (at 0 -1.65 180) (layer F.SilkS)
      (effects (font (size 1 1) (thickness 0.15)))
    )
    (fp_text value 0.1uf (at 0 1.65 180) (layer F.Fab)
      (effects (font (size 1 1) (thickness 0.15)))
    )
    (fp_line (start -1 0.6) (end -1 -0.6) (layer F.Fab) (width 0.1))
    (fp_line (start -1 -0.6) (end 1 -0.6) (layer F.Fab) (width 0.1))
    (fp_line (start 1 -0.6) (end 1 0.6) (layer F.Fab) (width 0.1))
    (fp_line (start 1 0.6) (end -1 0.6) (layer F.Fab) (width 0.1))
    (fp_line (start -0.261252 -0.71) (end 0.261252 -0.71) (layer F.SilkS) (width 0.12))
    (fp_line (start -0.261252 0.71) (end 0.261252 0.71) (layer F.SilkS) (width 0.12))
    (fp_line (start -1.85 0.95) (end -1.85 -0.95) (layer F.CrtYd) (width 0.05))
    (fp_line (start -1.85 -0.95) (end 1.85 -0.95) (layer F.CrtYd) (width 0.05))
    (fp_line (start 1.85 -0.95) (end 1.85 0.95) (layer F.CrtYd) (width 0.05))
    (fp_line (start 1.85 0.95) (end -1.85 0.95) (layer F.CrtYd) (width 0.05))
    (fp_text user %R (at 0 0 180) (layer F.Fab)
      (effects (font (size 0.5 0.5) (thickness 0.08)))
    )
    (pad 1 smd roundrect (at -1.025 0 180) (size 1.15 1.4) (layers F.Cu F.Paste F.Mask) (roundrect_rratio 0.217391)
      (net 2 GND))
    (pad 2 smd roundrect (at 1.025 0 180) (size 1.15 1.4) (layers F.Cu F.Paste F.Mask) (roundrect_rratio 0.217391)
      (net 6 "Net-(C5-Pad2)"))
    (model ${KISYS3DMOD}/Capacitor_SMD.3dshapes/C_0805_2012Metric.wrl
      (at (xyz 0 0 0))
      (scale (xyz 1 1 1))
      (rotate (xyz 0 0 0))
    )
  )

  (module Capacitor_SMD:C_0805_2012Metric_Pad1.15x1.40mm_HandSolder (layer F.Cu) (tedit 5B36C52B) (tstamp 5BCE2DD7)
    (at 118.25 117.75 270)
    (descr "Capacitor SMD 0805 (2012 Metric), square (rectangular) end terminal, IPC_7351 nominal with elongated pad for handsoldering. (Body size source: https://docs.google.com/spreadsheets/d/1BsfQQcO9C6DZCsRaXUlFlo91Tg2WpOkGARC1WS5S8t0/edit?usp=sharing), generated with kicad-footprint-generator")
    (tags "capacitor handsolder")
    (path /5B7B242B)
    (attr smd)
    (fp_text reference C6 (at 0 -1.65 270) (layer F.SilkS)
      (effects (font (size 1 1) (thickness 0.15)))
    )
    (fp_text value 51pf (at 0 1.65 270) (layer F.Fab)
      (effects (font (size 1 1) (thickness 0.15)))
    )
    (fp_text user %R (at 0 0 270) (layer F.Fab)
      (effects (font (size 0.5 0.5) (thickness 0.08)))
    )
    (fp_line (start 1.85 0.95) (end -1.85 0.95) (layer F.CrtYd) (width 0.05))
    (fp_line (start 1.85 -0.95) (end 1.85 0.95) (layer F.CrtYd) (width 0.05))
    (fp_line (start -1.85 -0.95) (end 1.85 -0.95) (layer F.CrtYd) (width 0.05))
    (fp_line (start -1.85 0.95) (end -1.85 -0.95) (layer F.CrtYd) (width 0.05))
    (fp_line (start -0.261252 0.71) (end 0.261252 0.71) (layer F.SilkS) (width 0.12))
    (fp_line (start -0.261252 -0.71) (end 0.261252 -0.71) (layer F.SilkS) (width 0.12))
    (fp_line (start 1 0.6) (end -1 0.6) (layer F.Fab) (width 0.1))
    (fp_line (start 1 -0.6) (end 1 0.6) (layer F.Fab) (width 0.1))
    (fp_line (start -1 -0.6) (end 1 -0.6) (layer F.Fab) (width 0.1))
    (fp_line (start -1 0.6) (end -1 -0.6) (layer F.Fab) (width 0.1))
    (pad 2 smd roundrect (at 1.025 0 270) (size 1.15 1.4) (layers F.Cu F.Paste F.Mask) (roundrect_rratio 0.217391)
      (net 7 "Net-(C6-Pad2)"))
    (pad 1 smd roundrect (at -1.025 0 270) (size 1.15 1.4) (layers F.Cu F.Paste F.Mask) (roundrect_rratio 0.217391)
      (net 2 GND))
    (model ${KISYS3DMOD}/Capacitor_SMD.3dshapes/C_0805_2012Metric.wrl
      (at (xyz 0 0 0))
      (scale (xyz 1 1 1))
      (rotate (xyz 0 0 0))
    )
  )

  (module Capacitor_SMD:C_0805_2012Metric_Pad1.15x1.40mm_HandSolder (layer F.Cu) (tedit 5B36C52B) (tstamp 5BCE2DE8)
    (at 122.25 117.75 270)
    (descr "Capacitor SMD 0805 (2012 Metric), square (rectangular) end terminal, IPC_7351 nominal with elongated pad for handsoldering. (Body size source: https://docs.google.com/spreadsheets/d/1BsfQQcO9C6DZCsRaXUlFlo91Tg2WpOkGARC1WS5S8t0/edit?usp=sharing), generated with kicad-footprint-generator")
    (tags "capacitor handsolder")
    (path /5B7B2557)
    (attr smd)
    (fp_text reference C7 (at 0 -1.65 270) (layer F.SilkS)
      (effects (font (size 1 1) (thickness 0.15)))
    )
    (fp_text value 51pf (at 0 1.65 270) (layer F.Fab)
      (effects (font (size 1 1) (thickness 0.15)))
    )
    (fp_text user %R (at 0 0 270) (layer F.Fab)
      (effects (font (size 0.5 0.5) (thickness 0.08)))
    )
    (fp_line (start 1.85 0.95) (end -1.85 0.95) (layer F.CrtYd) (width 0.05))
    (fp_line (start 1.85 -0.95) (end 1.85 0.95) (layer F.CrtYd) (width 0.05))
    (fp_line (start -1.85 -0.95) (end 1.85 -0.95) (layer F.CrtYd) (width 0.05))
    (fp_line (start -1.85 0.95) (end -1.85 -0.95) (layer F.CrtYd) (width 0.05))
    (fp_line (start -0.261252 0.71) (end 0.261252 0.71) (layer F.SilkS) (width 0.12))
    (fp_line (start -0.261252 -0.71) (end 0.261252 -0.71) (layer F.SilkS) (width 0.12))
    (fp_line (start 1 0.6) (end -1 0.6) (layer F.Fab) (width 0.1))
    (fp_line (start 1 -0.6) (end 1 0.6) (layer F.Fab) (width 0.1))
    (fp_line (start -1 -0.6) (end 1 -0.6) (layer F.Fab) (width 0.1))
    (fp_line (start -1 0.6) (end -1 -0.6) (layer F.Fab) (width 0.1))
    (pad 2 smd roundrect (at 1.025 0 270) (size 1.15 1.4) (layers F.Cu F.Paste F.Mask) (roundrect_rratio 0.217391)
      (net 8 "Net-(C7-Pad2)"))
    (pad 1 smd roundrect (at -1.025 0 270) (size 1.15 1.4) (layers F.Cu F.Paste F.Mask) (roundrect_rratio 0.217391)
      (net 2 GND))
    (model ${KISYS3DMOD}/Capacitor_SMD.3dshapes/C_0805_2012Metric.wrl
      (at (xyz 0 0 0))
      (scale (xyz 1 1 1))
      (rotate (xyz 0 0 0))
    )
  )

  (module Capacitor_SMD:C_0805_2012Metric_Pad1.15x1.40mm_HandSolder (layer F.Cu) (tedit 5B36C52B) (tstamp 5BCE2DF9)
    (at 122.25 136.25 270)
